y <- c(8,5,7,5,6,3,5,4,2,2)
x <- c(1.3,2.9,4.4,5.8,8.2,9.9,12.1,13.8,14.2,17.7)
y
x